DATE-OBS = '2005-04-10'
DATE = '2007-03-28T18:27:48'
EQUINOX = 2000.0
CTYPE1 = 'RA---TAN'
CRPIX1 = 426
CRVAL1 = 83.75824218714
CD1_1 = -5.6337736930500E-5
CD1_2 = 6.19455337385955E-8
CTYPE2 = 'DEC--TAN'
CRPIX2 = 514
CRVAL2 = -5.439118862827
CD2_1 = -1.1551883600348E-8
CD2_2 = 5.63645886130801E-5

