DATE-OBS = '2004-11-07'
DATE = '2007-03-28T21:20:53'
EQUINOX = 2000
CTYPE1 = 'RA---TAN'
CRPIX1 = 373
CRVAL1 = 83.85384127295
CD1_1 = -5.6337709310889e-05
CD1_2 = 6.18814194472083e-08
CTYPE2 = 'DEC--TAN'
CRPIX2 = 299
CRVAL2 = -5.507244857654
CD2_1 = -1.155829053089e-08
CD2_2 = 5.63646617978999e-05

