DATE-OBS = '2005-04-13'
DATE = '2007-03-28T18:28:18'
EQUINOX = 2000
CTYPE1 = 'RA---TAN'
CRPIX1 = 426
CRVAL1 = 83.86241152516
CD1_1 = -5.6337655004523e-05
CD1_2 = 6.18878716503923e-08
CTYPE2 = 'DEC--TAN'
CRPIX2 = 511
CRVAL2 = -5.412441175398
CD2_1 = -1.1551883600348e-08
CD2_2 = 5.63645886130801e-05

