DATE-OBS = '21/03/95'
DATE = '21/03/95'
EPOCH = 2000
RADESYS = 'LINEAR'
EQUINOX = 0
CTYPE1 = 'RA---TAN'
CRPIX1 = 1643
CRVAL1 = 83.826921
CDELT1 = -0.000027780000
CD1_1 = -0.000027780000
CD1_2 = 0.000000000000
CTYPE2 = 'DEC--TAN'
CRPIX2 = 2442
CRVAL2 = -5.4019528
CDELT2 = 0.000027780000
CD2_1 = 0.000000000000
CD2_2 = 0.000027780000

