DATE-OBS = '21/03/95'
DATE = '21/03/95'
EPOCH = 2000
RADESYS = 'LINEAR'
EQUINOX = 0
CTYPE1 = 'RA---TAN'
CRPIX1 = 1646.5
CRVAL1 = 83.826921
CDELT1 = -2.778e-05
CD1_1 = -2.778e-05
CD1_2 = 0
CTYPE2 = 'DEC--TAN'
CRPIX2 = 2436
CRVAL2 = -5.4019528
CDELT2 = 2.778e-05
CD2_1 = 0
CD2_2 = 2.778e-05

