luis-programas/arcs-sources-Pi-Lambda.ecsv
# %ECSV 1.0
# ---
# datatype:
# - {name: Object, datatype: string}
# - {name: Group, datatype: string}
# - {name: old_Pi_in, datatype: float64}
# - {name: old_Pi_out, datatype: float64}
# - {name: Folder, datatype: string}
# - {name: Outer arc type, datatype: string}
# - {name: Pi_in, datatype: float64}
# - {name: e_Pi_in, datatype: float64}
# - {name: Lambda_in, datatype: float64}
# - {name: e_Lambda_in, datatype: float64}
# - {name: d_Lambda_in, datatype: float64}
# - {name: e_d_Lambda_in, datatype: float64}
# - {name: Pi_out, datatype: float64}
# - {name: e_Pi_out, datatype: float64}
# - {name: Lambda_out, datatype: float64}
# - {name: e_Lambda_out, datatype: float64}
# - {name: d_Lambda_out, datatype: float64}
# - {name: e_d_Lambda_out, datatype: float64}
# schema: astropy-2.0
Object Group old_Pi_in old_Pi_out Folder "Outer arc type" Pi_in e_Pi_in Lambda_in e_Lambda_in d_Lambda_in e_d_Lambda_in Pi_out e_Pi_out Lambda_out e_Lambda_out d_Lambda_out e_d_Lambda_out
022-635 W 3.0533333333333332 4.036231884057971 "" outer 3.1012538881463416 0.0 "" "" "" "" 3.6503569865667096 0.0 "" "" "" ""
041-637 W 2.71825063078217 2.2689726381001547 "" outer 4.450772275492607 0.9581921807489894 2.3818463756502037 0.02043772449559457 "" "" 2.104093242915379 0.014239262113112749 1.7900729127137696 0.007428157463703657 "" ""
042-628 W 2.0488636363636363 2.248615184099055 "" outer 1.9476934918566173 0.008822177517918016 1.811043775781886 0.001372245030442431 "" "" 1.8080886282147985 0.06751525117924882 1.9007254293272995 0.0071620674956986265 "" ""
049-143 NW 1.0592000000000001 3.5618073316283034 "" outer 1.060232337267978 0.03263997518366485 1.098400579371097 0.0001748983994076976 "" "" 2.6280346010792677 0.17041901117910924 "" "" "" ""
051-024 NW 1.8581005586592179 1.9283305227655987 "" outer 1.645916879773569 0.0 2.1410002372230776 0.0 "" "" 1.8310328606177957 0.021156783205293187 1.7697464764885238 0.0020796118666423498 "" ""
065-502 *P 4.704684317718941 5.440928270042194 "" outer "" "" "" "" "" "" 5.125469437619962 1.954818931613515 3.3323358600648234 1.094213275848321 "" ""
066-3251 S "" 1.4868913857677903 "" outer "" "" "" "" "" "" 1.4860294780937844 0.13733684406773145 1.1871952794143779 0.006741531780958034 "" ""
066-652 *I -8.0 20.535714285714285 "" "" "" "" "" "" "" "" "" "" "" "" "" ""
072-134 NW 3.222467934542238 3.7582089552238807 "" outer 2.797475399189943 0.12035610290596627 2.500749333199548 0.011819702958110563 0.28214096197914795 0.011263820591761233 2.8065041979876515 0.1553871425972868 2.097105110289143 0.16985660558033133 0.18000613000172516 0.0524133057554949
074-229 NW 0.9468354430379746 1.1798084008843035 "" outer "" "" "" "" "" "" 1.145846686299076 0.0 "" "" "" ""
083-435 *P 1.2205882352941175 1.6078588612670406 "" outer "" "" "" "" "" "" 1.1591495016104565 0.0 1.5517422286672597 0.0 "" ""
101-233 NW 1.9924206537186169 1.7721724979658258 "" outer 1.9451051033126217 0.0 "" "" "" "" 2.2491662405124506 0.8331626661455844 "" "" "" ""
102-157 NW 8.81094527363184 6.319095477386934 "" outer 4.220854264741281 0.10534256454667089 2.5646749106952953 0.01961560514440062 0.36106727618072165 0.05862062550083541 8.143163959568412 0.8267112190494375 3.1699511212921774 0.02336398586503293 "" ""
106-245 NW 4.916666666666666 3.94896331738437 "" outer 3.265035166134995 0.42284016731094864 2.6917156450213846 0.029755433264554505 "" "" 2.9942811420418094 0.13874078018696873 2.544668438195187 0.016341714011318384 -0.06437587044875925 0.08550213439257376
109-246 NW 5.540847201210287 5.460985626283367 "" outer 10.325450122714471 3.9427842954200734 3.1075734440892884 0.3755080880343628 -0.28190883009486645 0.24870401030910907 6.734198230807182 0.74228898197385 3.083742734262647 0.005235790048047705 -0.006320764733555806 0.028525915823442882
116-3101 S 1.5677290836653388 1.856060606060606 "" outer 1.8794558348981916 0.045014373094116926 1.688734519052411 0.002178301689455545 "" "" 1.5681901848663697 0.09692407180218321 1.5461074275193836 0.0241452243326143 "" ""
117-421 *P 3.907042253521127 3.471264367816092 "" outer 1.9398225196455319 0.0 4.417696662277698 0.0 "" "" 3.6897554529757963 0.40519536527444133 2.252100296162724 0.05937890776740221 "" ""
119-3155 S 2.619169656586366 2.2311774461028193 "" outer 2.6494046232421287 0.6019437775078901 2.043987743423288 0.06881091420176771 "" "" 1.6998401530452902 0.024906409426239458 1.6161851790211403 0.011508469397747127 "" ""
121-434 *P 2.0 1.8665785997357993 "" outer 2.7481575693938987 2.515067841113885 1.9598129151548829 0.0 "" "" 1.9338402997154165 0.12534699426132548 "" "" "" ""
124-131 NW 3.795553935860058 1.3290149653786016 "" "" "" "" "" "" "" "" "" "" "" "" "" ""
131-046 *P 5.65065065065065 2.065707839819515 "" outer 9.635405911539825 0.0 "" "" "" "" 2.0438951620717005 0.0 "" "" "" ""
132-053 *P 2.132492113564669 2.511142061281337 "" outer 1.5729072989967467 0.0 2.6015909271242332 0.0 -1.1269616442219104 0.0 4.774467570377148 3.316575688709395 1.5651918200357176 0.007266221658344881 "" ""
136-3057 S 2.079274505808029 1.8460475673541894 "" outer 5.978539440221214 1.3016032463591058 2.393086802776174 0.03201225998938863 0.3833271512687524 0.00840478541374442 1.802887702491414 0.04215069347861453 1.7768828528579221 0.003557624698661963 -0.19315290720004985 0.009711793188287233
138-3024 S 1.7445335276967928 2.193424094528641 "" outer 1.6630699016946227 0.0743980805253209 1.6222080725973527 0.00999833212185499 "" "" 1.9646721463697734 0.0 "" "" "" ""
142-301 N 2.4956092206366627 2.5028901734104045 "" outer 16.19572577062953 4.624122719137883 4.7844688229146755 0.4710151687041137 -4.13397848178142 0.0 4.325280897740211 0.955054802050255 1.901761053188281 0.012187658502665523 "" ""
154-225 N 1.6525157232704402 2.658119658119658 "" outer 1.9769938176395452 0.14056733585687117 "" "" "" "" 1.436558828456207 0.15605215266754804 1.8411611389892764 0.04407242943249086 "" ""
154-240 N 1.3372093023255813 "" "" inner 2.0944877621068603 0.0 1.3779655131732538 0.0 "" "" "" "" "" "" "" ""
158-323 LV 1.4327449786975046 1.5792320173066523 j8oc01010_wcs ridge 2.118439784517112 0.12046753287198028 "" "" "" "" 1.893164882195854 0.02734362860739864 "" "" "" ""
159-221 N 1.8968824940047964 "" "" inner 1.5572362574544703 0.12510726785376639 1.4561942331108253 0.05476702066029068 "" "" "" "" "" "" "" ""
160-350 *I 6.999999999999999 5.486238532110091 "" "" "" "" "" "" "" "" "" "" "" "" "" ""
161-324 LV 2.2422566371681416 2.599654874892148 j8oc01010_wcs ridge 3.267488420057349 0.0 "" "" "" "" 2.800346549026846 0.013881166604354105 2.194530116255728 0.0012075034766076812 -0.10850387029515773 0.0019056477179777804
162-456 *I 3.7740384615384617 2.9013605442176873 "" "" "" "" "" "" "" "" "" "" "" "" "" ""
163-222 N 1.3980144404332129 1.1736020806241871 "" outer 1.6274575781919065 0.09128224498410051 "" "" "" "" 1.3688157490495207 0.043273135780451964 1.1564804832305657 0.012724520092425343 "" ""
163-317 LV 2.3013485477178426 2.1110632802410674 j8oc01010_wcs ridge 1.1233739522323907 0.0 "" "" "" "" 1.917985479411636 0.03081262991077969 1.2866255033189995 0.0020366502828482683 "" ""
165-235 N 2.805714285714285 2.1632882882882885 "" outer 2.4973139682603698 0.11859703609143352 "" "" "" "" 2.1738948441475223 0.0 "" "" "" ""
166-316 LV 2.0506024096385542 1.7161383285302596 "" outer 1.7090552639010863 0.0 "" "" "" "" 1.5070681464216347 0.05902512393016199 "" "" "" ""
167-317 LV 1.6363636363636365 1.676530612244898 j8oc01010_wcs ridge "" "" "" "" "" "" 2.2856327425826466 0.14624704523581566 1.653609084708107 0.011028732693717994 "" ""
168-326 LV 4.085481682496608 3.214361140443506 j8oc01010_wcs ridge 7.58056712728568 2.4435153397066234 "" "" "" "" 41.36901011257223 24.317987401148578 3.07337996877045 0.10335508579415813 "" ""
168-326N *I 6.694915254237289 4.558951965065503 "" outer 6.260573928440836 0.516473448303814 3.3619125219620103 0.0 "" "" 5.815451520972888 0.0 "" "" "" ""
168-328 LV 1.0126742712294043 1.2382297551789077 "" outer 1.7040629922620942 0.0 "" "" "" "" 1.5228700813803269 0.0 "" "" "" ""
169-338 SE 1.0573529411764704 1.9757516973811835 "" inner 1.8400635601517432 0.0 "" "" "" "" "" "" "" "" "" ""
170-249 N 1.9424019607843137 2.145736434108527 "" outer 1.275689628127031 0.0 "" "" "" "" 1.6051973816752776 0.0 "" "" "" ""
173-236 *P 1.2671905697445973 0.5982456140350878 "" "" "" "" "" "" "" "" "" "" "" "" "" ""
173-342 *I 2.0760869565217392 2.567441860465116 "" outer 2.46192476610729 0.0 "" "" "" "" 2.9520921128276276 0.28416825745501667 "" "" "" ""
175-321 *P 1.897398843930636 1.2200886262924668 "" inner 1.7852032020008601 0.32927255799435917 "" "" "" "" "" "" "" "" "" ""
177-341 SE 1.2620757180156659 1.113821138211382 "" outer 1.1365355145060665 0.04339814720723738 "" "" "" "" 1.12201562734835 0.03704656801383189 "" "" "" ""
178-258 N 3.71614301191766 2.6666666666666665 "" outer 4.562593735983023 0.8204539546293383 2.19097728994364 0.020542074763777722 "" "" 2.745765770024504 0.0943835897086491 "" "" "" ""
180-331 SE 1.5906642728904845 1.6395833333333336 "" outer 1.9888996694243657 0.012586411387236415 1.7207064272533934 0.001987825310442538 "" "" 1.5339702674218922 0.0666052239688241 1.3404947998922219 0.011462735093834157 "" ""
189-329 SE 1.5483271375464682 4.522548317823908 "" outer 1.2286611863348718 0.0512902864515768 1.303200244247351 0.027828471194372942 0.17747338556491288 0.0 2.4858157471140885 0.20708924465558243 3.028113715180864 0.20339063909154909 "" ""
203-3039 S 8.234525837592278 3.324108469539375 "" outer 7.034581859132061 0.6221224184695958 3.8288780991590805 0.016866311312777875 "" "" 3.1445981398666008 0.12034601864826966 2.3755720655459087 0.005943491985272696 0.013369152941180018 0.06711885014945554
204-330 *I 11.437499999999998 4.012012012012012 "" outer 7.419915785618073 4.7105241240302895 2.0142349510848714 1.40752803705285 "" "" 3.867730006258931 0.2507648547246453 "" "" "" ""
206-043 NW 1.8594449418084154 1.358607830950901 "" outer 1.9113723319390363 0.10447058645046574 "" "" "" "" 1.3319055248267648 0.01083079840713519 "" "" "" ""
212-400 *P 0.613744075829384 0.7730232558139535 "" "" "" "" "" "" "" "" "" "" "" "" "" ""
261-3018 S 1.426412092283214 6.676293622141997 "" outer 1.554446685085514 0.14389388661639171 3.3293024354290144 0.26289199002386376 0.3440073074043918 0.7727101048820523 7.350931336979828 0.9761210473937799 4.0224761282104815 0.1273929814111645 "" ""
305-811 S 4.481481481481481 2.8611272515979085 "" outer 6.568362797487404 0.22600525135794186 "" "" "" "" 3.6311182076437714 0.2740015531733513 "" "" "" ""
308-3036 S 1.239221140472879 1.758701603441533 "" outer 1.0909580524997518 0.024847422973545672 1.0840368468176007 0.013704996490918307 0.9596634276464738 0.0 1.6088727973373578 0.1719998626874422 1.6198213391400569 0.0589283217610635 "" ""
344-3020 S 6.5720653789004455 1.9017480409885472 "" outer 4.820628046652409 2.6923908718198093 2.4485657440563857 0.15085904390369725 "" "" 2.174339059301241 0.05061875734195307 2.2306469851236423 0.04223852211513591 "" ""
362-3137 S 1.4134860050890585 1.3601409804549824 "" outer 1.4076925668731872 0.07005590113005751 1.0979075498663398 0.0009055062486764068 "" "" 1.3229583553411801 0.0 "" "" "" ""
364-411 S "" 2.1350197109067017 "" "" "" "" "" "" "" "" "" "" "" "" "" ""
4285-458 W "" 2.270778881338212 "" "" "" "" "" "" "" "" "" "" "" "" "" ""
4417-653 W 2.3139695712309822 2.426298157453936 "" outer 4.312596274793632 0.4743239552047549 3.19553243690735 0.03804754616286838 -0.2884668428973062 0.058526090781297814 3.941041827011844 0.4310998554727809 3.1917378139356543 0.02404990939748762 0.026136487041136136 0.0387151930609019
4468-605 W 1.6701728024042073 2.879303361684893 "" outer 1.8098724569750497 0.11085231235746802 1.4584710807307806 0.0056605485704766196 "" "" 2.201323081056354 0.013360445565737506 2.0319040957120125 0.16236450567966487 0.4189513980413317 0.014445198779202712
4491-627 W 2.0571909167367535 2.0674268715914725 "" outer 2.0298066207359957 0.047276510475056426 1.4155453777113354 0.016075191957035374 "" "" 2.4281633660535187 0.204947707813025 1.9878973770179371 0.0506101079608189 "" ""
4505-336 W 2.119098712446352 2.153514180024661 "" outer 3.206708648216659 0.25003767582236613 2.339189498973141 0.02339640165065607 "" "" 2.024147503508538 0.10906919145427292 1.9206653552837634 0.020273739695052664 "" ""
4520-419 W 2.13780260707635 2.1059841384282625 "" outer 2.8338393463004774 0.20658494352300014 "" "" "" "" 2.603034277691198 0.057554731216667494 "" "" "" ""
4531-628 W 2.0043103448275863 1.924242424242424 "" outer 2.0454329008016785 0.0 "" "" "" "" 1.2964107973698802 0.02082319483222297 "" "" "" ""
4550-659 W 2.5468036529680362 2.3737562189054726 "" outer 8.085326114306138 1.407808626299285 4.055113833472487 0.062003481954345706 "" "" 3.481419684615366 0.5372672972391506 3.102843284569424 0.04504086831415693 "" ""
4578-251 W 1.7457912457912457 1.9068255687973996 "" outer 1.3269742831064653 0.19082990440279862 1.3798297008523623 0.23820266490226646 -0.36093326127642295 0.2489949187059544 1.9055232582061623 0.23452259976345532 1.6327183417804814 0.03358781726928627 -0.15782890234905805 0.0029326778727851344
4582-635 W 3.0146627565982405 2.6500904159132004 "" outer 2.6417560825361135 0.0 "" "" "" "" 3.268179794421284 0.09857031860368017 2.1501536893840156 0.00969461967532667 "" ""
LL1 W 3.745798319327731 2.8527968596663396 "" outer 2.6759935795355325 0.07259147573574348 2.4373663263022625 0.008622637238921165 0.09721436101759395 0.01103955770981235 2.5891007165775903 0.23982615279496847 2.248626927094746 0.018930965849818834 0.06866196823556103 0.017240994190034976
LL2 W 6.675024108003858 6.921933085501858 "" outer 5.0211284563313425 0.26443564342379916 3.303203281278175 0.04406404082535616 0.1195392971921615 0.13824342603083717 4.198804969370899 0.3264107605335867 3.8929050425814706 0.06759164459090189 0.04684919409402721 0.09422139805715296
LL3 W 2.4026479750778815 2.0981083680666877 "" outer 2.589844243779476 0.1868070477298427 2.6779842621753858 0.025882102053661333 -0.7526806060244171 0.07160762022904324 1.9012244346753318 0.035497328641546276 1.789578352944805 0.00521277841732216 -0.0667791699644315 0.01647501105621745
LL4 W 3.482419127988748 4.880745341614907 "" outer 3.3081643209821667 0.11673409673139469 2.965350878788465 0.009224006441062835 0.12784595806306764 0.06448973763567795 3.0803145993072714 0.1754990946321604 2.90465258043107 0.01261937082956511 -0.12189451773257376 0.023495084778145575
LL5 S 2.415521978021978 3.907188660141748 "" outer 2.2349725715838185 0.1673342279471099 1.9812884652819165 0.07486988080526817 -0.3654174310747504 0.15780889364172068 2.257667940475629 0.20661965351518652 2.8084518413713147 0.03315727846299536 -0.5663381813532139 0.0018168867884519133
LL6 S 8.733702337023372 8.241179713340683 "" outer 4.904059622482313 0.33207169798472624 4.169150693013864 0.009078367914682776 0.5688228090677294 0.11882576701494892 6.008746900555497 0.47009233421032254 3.7195741100994106 0.039336485724037286 0.19629354382851805 0.15894722143708637
LL7 S 1.862642327851075 2.5661617605030007 "" "" "" "" "" "" "" "" "" "" "" "" "" ""
w000-400 W 3.0591194968553457 2.982252559726962 "" outer 3.524197616388557 0.22419428271742653 2.4213753382904812 0.016780608812539753 0.11979965615447274 0.019837860737003943 2.4919659175518447 0.002724473258153879 2.4000353254450753 0.0004149380684985023 0.09677456371605153 0.0007127306144959777
w005-514 W 1.6919233971690257 2.0890369473046637 "" outer 1.7569829205140484 0.16194137228348998 1.6040473470634224 0.011577705611580292 0.06254550740930176 0.028720072617147204 1.517372523951857 0.2372774234700372 1.72531820191714 0.08933168869807886 "" ""
w012-407 W 4.474291710388248 2.945827872433377 "" outer 2.5208674015718144 0.0 2.3092860513871614 0.0 "" "" 2.592767984336626 0.15789789229768764 2.06927786252764 0.058712305323318295 "" ""
w014-414 W 4.329758713136729 1.8042939719240296 "" outer 77.63874604932002 109.37750954712678 3.0474800884220388 0.3665082547036415 1.7760536573626085 0.0 1.624610955264153 0.003343638733316762 1.6116397215049156 0.0008497795604457955 "" ""
w030-524 W 5.350694444444445 4.087859424920128 "" outer 109.64463464269083 139.3442884049884 "" "" "" "" 4.278936650207031 0.41765820467009923 2.825180657287339 0.0010902485164505124 -0.6276830530704665 0.08883918305035063
w044-527 W 1.9576923076923076 1.5258215962441315 "" outer 11.898118458936187 0.0 "" "" "" "" 3.0193132786982178 0.0 "" "" "" ""
w069-601 W 4.377777777777777 3.1922626025791323 "" outer 4.019564457057973 0.36125156962521426 2.7187021221676373 0.05140198809712847 -0.30327905181102455 0.0964878535237049 2.4422867788953564 0.03872530536414648 2.1939557812728694 0.009023136604919671 -0.27461984502431536 0.020851633276506867
w073-227 NW 4.906288532675709 3.974169741697417 "" outer 3.409058765271278 0.502572884093523 3.30731095736824 0.038911582717464824 "" "" 2.4053492898594406 0.06879708289224064 2.863742190977389 0.16254750160671091 "" ""
w266-558 S 1.3362910381543922 4.128191489361702 "" outer 1.3247327924073296 0.0 2.071746847082409 0.0 "" "" 5.4165391509115 0.601336660363545 2.157993274688763 0.018536885330921574 "" ""
