luis-programas/arcs-summary-unique.ecsv
# %ECSV 1.0
# ---
# datatype:
# - {name: Object, datatype: string}
# - {name: h_old, datatype: float64}
# - {name: Value_Bally, datatype: float64}
# - {name: Value_bg_Bally, datatype: float64}
# - {name: Delta, datatype: float64}
# - {name: Dif_Bally, datatype: float64}
# - {name: Value_Robberto, datatype: float64}
# - {name: Value_bg_Robberto_f656, datatype: float64}
# - {name: Dif_Robberto_f656, datatype: float64}
# - {name: RA, datatype: string}
# - {name: Dec, datatype: string}
# - {name: D, datatype: float64}
# - {name: PA_star, datatype: float64}
# - {name: h, datatype: float64}
# - {name: PA_out, datatype: float64}
# - {name: PA_in, datatype: float64}
# - {name: R_out, datatype: float64}
# - {name: R_in, datatype: float64}
# - {name: Rc_out, datatype: float64}
# - {name: Rc_in, datatype: float64}
# schema: astropy-2.0
Object h_old Value_Bally Value_bg_Bally Delta Dif_Bally Value_Robberto Value_bg_Robberto_f656 Dif_Robberto_f656 RA Dec D PA_star h PA_out PA_in R_out R_in Rc_out Rc_in
022-635 0.354 2.80442 2.71902 0.04816 0.0854 0.03372 0.03274 0.00098 5:35:02.200 -5:26:35.33 286.472 47.7 0.341 83.2 77.5 1.104 0.75 4.456 2.29
041-637 0.749 2.96955 2.92683 0.10903 0.04272 "" "" "" 5:35:04.060 -5:26:37.06 267.84 43.4 0.766 4.2 15.5 1.937 1.189 4.395 3.232
042-628 1.309 3.22114 3.0331 0.08318 0.18804 "" "" "" 5:35:04.19875 -5:26:27.59750 259.592 44.5 1.339 61.6 56.1 3.069 1.76 6.901 3.606
049-143 0.549 7.95741 7.8166 0.21904 0.14081 "" "" "" 5:35:04.945 -5:21:42.92 197.821 120.2 0.56 103.1 139.0 1.173 0.625 4.178 0.662
051-024 0.292 6.38142 6.3423 0.15466 0.03913 "" "" "" 5:35:05.131 -5:20:24.32 245.01 136.7 0.269 136.5 123.6 1.186 0.895 2.287 1.663
065-502 0.93 9.60864 9.2402 0.692 0.36845 0.12369 0.11919 0.0045 5:35:06.53975 -5:25:01.50750 177.288 56.1 1.214 90.5 104.7 1.422 0.491 7.737 2.31
066-3251 0.0 0.9432 0.91176 0.03996 0.03144 "" "" "" 5:35:06.56919 -5:32:51.43000 587.491 14.5 0.0 300.1 "" 1.068 "" 1.588 ""
066-652 "" "" "" "" "" "" "" "" 5:35:06.588 -5:26:52.38 255.852 34.9 0.102 316.8 341.9 0.028 -0.075 0.575 0.6
072-134 2.429 12.93193 12.63087 0.31066 0.30106 "" "" "" 5:35:07.20375 -5:21:34.29500 174.737 128.3 2.419 89.7 94.5 4.69 2.261 17.626 7.286
074-229 0.566 12.1149 11.54646 0.3202 0.56844 "" "" "" 5:35:07.384 -5:22:28.92 144.777 111.7 0.596 120.3 185.7 1.357 0.79 1.601 0.748
083-435 0.703 12.40549 12.32781 0.17918 0.07768 0.17284 0.17164 0.00121 5:35:08.29275 -5:24:34.85750 140.892 59.1 0.579 84.0 40.5 1.247 0.544 2.005 0.664
098-753 4.91 1.92979 2.02012 0.10266 -0.09033 "" "" "" 5:35:09.8404 -5:27:53.099 287.703 19.9 2.217 320.9 93.9 8.963 4.052 17.165 8.418
101-233 0.346 28.11431 28.40083 2.8809 -0.28652 0.33987 0.33494 0.00493 5:35:10.133 -5:22:32.60 105.936 118.1 0.419 131.4 136.6 2.458 2.111 4.356 4.206
102-021 0.289 9.99969 9.65305 0.08734 0.34664 "" "" "" 5:35:10.1870 -5:20:20.921 203.865 153.0 0.291 178.0 178.5 0.678 0.389 1.409 0.847
102-157 0.394 17.19631 16.79779 0.57697 0.39851 0.21035 0.20436 0.006 5:35:10.25075 -5:21:57.11750 125.297 133.0 0.45 118.5 116.6 0.796 0.402 5.03 3.542
106-245 0.4 34.09301 31.70072 0.40087 2.39229 0.42202 0.40328 0.01874 5:35:10.576 -5:22:44.69 94.703 113.5 0.38 122.7 99.0 0.627 0.228 2.476 1.121
109-246 0.626 39.05883 35.3827 1.62604 3.67613 0.49852 0.45784 0.04068 5:35:10.89575 -5:22:46.31750 89.677 113.8 0.704 112.9 119.5 1.948 1.322 10.638 7.325
116-3101 0.449 0.86913 0.83316 0.0204 0.03597 "" "" "" 5:35:11.65419 -5:31:01.03000 463.921 8.8 0.44 24.0 7.9 1.452 1.004 2.695 1.574
117-421 1.292 "" "" "" "" "" "" "" 5:35:11.650 -5:24:21.41 92.067 50.2 1.374 99.1 96.7 2.001 0.71 6.946 2.774
119-3155 1.065 0.79579 0.77475 0.0197 0.02103 0.00906 0.00877 0.00029 5:35:11.926 -5:31:53.30 515.101 7.4 1.002 33.3 35.3 3.015 1.951 6.727 5.11
121-434 0.412 19.46307 18.82996 0.6803 0.6331 0.0 0.0 0.0 5:35:12.12175 -5:24:33.75750 95.578 41.8 0.39 65.4 66.2 0.757 0.344 1.413 0.688
124-131 1.549 "" "" "" "" "" "" "" 5:35:12.383 -5:21:31.41 126.201 151.7 1.733 134.9 156.0 4.477 2.744 5.95 10.415
131-046 2.548 15.00281 15.3283 2.92449 -0.32549 "" "" "" 5:35:13.05537 -5:20:45.78625 164.46 162.4 2.168 140.3 144.2 3.546 0.999 7.325 5.645
132-053 0.401 18.36519 18.21818 0.3856 0.14701 0.22867 0.2285 0.00017 5:35:13.202 -5:20:52.59 157.312 162.4 0.392 153.9 167.0 0.718 0.317 1.803 0.676
136-3057 5.226 0.855 0.81089 0.03269 0.04411 "" "" "" 5:35:13.60719 -5:30:57.56000 456.925 5.2 4.51 10.9 4.4 10.133 4.907 18.706 10.203
138-3024 1.148 0.88077 0.86639 0.0302 0.01438 0.00656 0.00646 0.0001 5:35:13.79919 -5:30:24.40000 423.642 5.2 1.107 22.2 17.4 3.893 2.744 8.539 4.787
142-301 0.6 73.17567 64.88542 3.75324 8.29025 0.93401 0.84074 0.09327 5:35:14.158 -5:23:01.00 39.672 122.9 0.6 91.5 98.6 2.422 1.822 6.062 4.547
154-225 0.651 43.59189 40.77802 3.25019 2.81387 0.52037 0.48765 0.03272 5:35:15.367 -5:22:25.31 59.219 165.1 0.584 158.0 193.1 1.287 0.636 3.421 1.051
154-240 0.763 56.57231 58.35355 10.08817 -1.78124 "" "" "" 5:35:15.3830 -5:22:39.790 45.303 160.6 0.398 132.6 196.4 2.484 1.721 4.737 3.4
158-323 0.435 72.05925 66.38213 7.76588 5.67712 0.88137 0.81426 0.06711 5:35:15.831 -5:23:22.51 8.338 90.1 0.206 114.8 120.0 1.849 1.643 2.92 2.354
159-221 0.0 44.96685 45.29734 2.64143 -0.33049 0.49168 0.49655 -0.00488 5:35:15.934 -5:22:21.04 61.862 173.7 0.0 "" 215.4 "" 0.834 "" 1.582
160-350 "" "" "" "" "" "" "" "" 5:35:15.958 -5:23:49.68 27.906 13.3 0.067 226.2 224.3 0.109 0.042 0.598 0.294
161-324 0.36 63.38539 60.03492 2.05702 3.35047 0.76946 0.72718 0.04228 5:35:16.056 -5:23:24.33 5.295 70.1 0.255 70.7 76.6 1.159 0.904 3.013 2.027
162-456 "" "" "" "" "" "" "" "" 5:35:16.182 -5:24:56.39 93.914 1.9 0.086 28.8 49.2 0.294 0.208 0.853 0.785
163-222 0.43 44.14778 46.0239 1.41854 -1.87612 0.49505 0.5153 -0.02025 5:35:16.303 -5:22:21.47 61.071 178.8 0.356 198.9 180.1 1.538 1.108 1.805 1.549
163-317 0.277 69.13676 68.48918 4.21819 0.64758 0.89688 0.89082 0.00605 5:35:16.282 -5:23:16.63 6.111 164.8 0.395 148.6 145.5 2.323 1.928 4.904 4.437
165-235 0.551 53.12876 50.26978 4.69804 2.85897 0.64141 0.631 0.01041 5:35:16.475 -5:22:35.22 47.325 181.5 0.472 197.5 193.2 1.776 1.225 3.842 3.437
166-316 0.203 72.15591 71.47672 3.25257 0.67918 0.92942 0.93347 -0.00405 5:35:16.607 -5:23:16.16 7.149 207.0 0.279 181.4 160.5 0.694 0.415 1.191 0.851
167-317 0.514 167.94201 66.33839 19.07337 101.60362 0.87149 0.86437 0.00711 5:35:16.739 -5:23:16.50 7.974 220.9 0.706 178.1 165.4 1.96 1.254 3.286 2.052
168-326 0.21 72.67345 64.17395 3.0276 8.4995 0.95333 0.84818 0.10514 5:35:16.839 -5:23:26.32 7.712 299.5 0.196 314.5 328.1 0.947 0.737 3.044 3.011
168-326N 0.119 187.52268 186.47194 3.57901 1.05074 1.96906 1.83933 0.12973 5:35:16.835 -5:23:25.97 7.493 297.4 0.111 137.0 142.2 0.229 0.118 1.044 0.79
168-328 0.235 53.39705 50.46761 3.71374 2.92944 1.02871 0.87565 0.15306 5:35:16.757 -5:23:28.05 7.787 315.2 0.272 345.3 353.0 1.062 0.789 1.315 0.799
169-338 0.51 45.98507 45.6046 1.26636 0.38047 0.59301 0.59464 -0.00164 5:35:16.880 -5:23:38.02 17.138 334.7 0.351 345.9 6.4 1.031 0.68 2.037 0.719
170-249 0.84 52.84594 50.16077 8.01456 2.68518 0.70104 0.66688 0.03415 5:35:16.967 -5:22:48.44 35.162 194.2 0.777 173.4 193.3 3.225 2.448 6.92 4.755
173-236 0.579 71.0402 58.41909 33.9966 12.62112 0.46573 0.46083 0.0049 5:35:17.352 -5:22:35.73 48.956 197.1 0.753 255.3 275.5 2.28 1.527 1.364 1.935
173-342 0.336 38.96898 35.82955 1.73145 3.13943 0.52909 0.48668 0.04241 5:35:17.324 -5:23:41.39 23.465 323.5 0.462 82.2 76.1 1.29 0.828 3.312 1.719
175-321 0.647 64.97197 61.57776 6.88164 3.39421 0.90874 0.84792 0.06081 5:35:17.458 -5:23:21.06 16.026 264.7 0.598 298.7 324.5 2.031 1.384 2.478 2.626
177-341 0.484 34.57974 32.28169 3.52831 2.29805 0.46255 0.43383 0.02873 5:35:17.667 -5:23:40.98 26.543 314.0 0.749 317.0 293.7 3.813 3.064 4.247 3.867
178-258 0.556 47.28008 45.6936 3.97348 1.58649 0.62452 0.61229 0.01222 5:35:17.819 -5:22:58.06 32.473 221.1 0.524 218.7 210.3 1.479 0.923 3.944 3.43
180-331 0.348 33.66978 29.37365 0.98675 4.29613 0.45206 0.39826 0.0538 5:35:18.033 -5:23:30.82 25.909 288.7 0.326 280.8 282.0 1.44 1.114 2.361 1.772
189-329 0.859 47.19997 38.35084 2.75772 8.84913 0.63799 0.52809 0.1099 5:35:18.868 -5:23:28.88 37.556 279.7 0.856 296.4 264.0 1.397 0.538 6.318 0.833
203-3039 3.623 1.00679 0.97275 0.03439 0.03404 "" "" "" 5:35:20.289 -5:30:39.38 440.716 352.4 3.06 359.4 8.2 5.384 1.761 17.897 14.501
204-330 0.193 25.40776 23.73507 7.9371 1.67269 0.32456 0.31862 0.00594 5:35:20.402 -5:23:30.01 60.389 277.1 0.221 112.4 119.0 0.333 0.112 1.336 1.281
206-043 0.492 6.98491 6.86317 0.21298 0.12174 0.07606 0.07532 0.00074 5:35:20.561 -5:20:43.11 171.159 201.3 0.443 176.1 182.7 1.609 1.117 2.186 2.077
212-400 0.231 23.35838 23.35675 0.90075 0.00163 0.33293 0.33175 0.00117 5:35:21.181 -5:24:00.46 80.988 297.9 0.213 331.2 335.5 1.075 0.844 0.831 0.518
261-3018 2.472 1.2977 1.23048 0.04793 0.06722 "" "" "" 5:35:26.16875 -5:30:18.01750 440.4 340.6 2.591 1.7 357.1 4.986 2.514 33.288 3.586
305-811 0.83 3.87871 3.82292 0.07767 0.05579 0.04166 0.0413 0.00036 5:35:30.43675 -5:28:11.23750 356.86 324.0 0.8 358.6 349.7 1.721 0.891 4.924 3.993
308-3036 1.118 1.26723 1.23217 0.03 0.03507 "" "" "" 5:35:30.79475 -5:30:36.25250 484.126 333.6 1.125 359.9 329.8 2.557 1.438 4.497 1.782
344-3020 0.986 1.49703 1.46875 0.0295 0.02828 "" "" "" 5:35:34.36275 -5:30:20.56250 496.758 327.3 0.947 334.9 325.5 1.659 0.673 3.155 4.423
362-3137 1.549 0.85401 0.81872 0.02242 0.0353 0.0086 0.0082 0.0004 5:35:36.34775 -5:31:37.75250 577.964 329.0 1.465 6.4 267.8 3.121 1.572 4.245 2.222
364-411 0.0 "" "" "" "" "" "" "" 5:35:36.441 -5:34:11.08 714.326 335.2 0.0 341.1 "" 3.044 "" 6.499 ""
4285-458 0.0 "" "" "" "" "" "" "" 5:34:28.520 -5:24:57.88 721.182 82.4 0.0 87.0 "" 1.913 "" 4.344 ""
4417-653 0.471 1.11173 1.09599 0.03183 0.01574 "" "" "" 5:34:41.699 -5:26:52.92 559.124 67.9 0.452 57.3 49.8 1.194 0.723 2.897 1.673
4468-605 1.138 1.46605 1.44362 0.02834 0.02244 0.01577 0.01566 0.00011 5:34:46.75775 -5:26:04.81750 471.3 69.9 1.199 54.2 59.6 2.469 1.331 7.109 2.223
4491-627 0.827 1.42804 1.40346 0.0266 0.02458 "" "" "" 5:34:49.066 -5:26:26.51 447.584 65.7 0.79 72.3 76.4 2.017 1.189 4.17 2.446
4505-336 0.689 1.83333 1.77503 0.03587 0.0583 "" "" "" 5:34:50.492 -5:23:35.28 386.952 88.1 0.661 99.8 99.5 1.622 0.932 3.493 1.975
4520-419 0.313 1.71187 1.69129 0.03533 0.02058 "" "" "" 5:34:52.008 -5:24:18.73 368.411 81.2 0.32 84.3 85.2 1.387 1.074 2.921 2.296
4531-628 0.327 1.83619 1.80642 0.03643 0.02977 "" "" "" 5:34:53.072 -5:26:27.56 394.309 62.0 0.325 104.0 89.0 0.792 0.464 1.524 0.93
4550-659 0.732 2.3255 2.30271 0.03261 0.02279 "" "" "" 5:34:55.013 -5:26:58.79 385.572 55.9 0.448 68.1 71.8 1.608 0.876 3.817 2.231
4578-251 0.659 3.00165 2.93275 0.06126 0.06891 0.03702 0.03619 0.00082 5:34:57.79275 -5:22:51.09500 279.493 96.5 0.533 81.2 125.0 1.846 1.188 3.52 2.074
4582-635 0.424 2.68983 2.6366 0.12135 0.05323 "" "" "" 5:34:58.16675 -5:26:35.12750 333.372 54.7 0.455 65.7 50.5 1.106 0.682 2.931 2.056
LL1 1.153 10.82417 7.83614 0.63168 2.98803 0.13365 0.10267 0.03098 5:35:05.63675 -5:25:19.44750 198.626 53.9 1.128 84.4 78.1 3.057 1.904 8.721 7.132
LL2 1.961 1.98162 1.64726 0.06471 0.33436 "" "" "" 5:34:40.860 -5:22:42.20 532.124 94.3 1.133 97.6 89.5 4.035 2.074 27.93 13.844
LL3 1.835 1.32518 1.27645 0.0648 0.04874 "" "" "" 5:34:40.807 -5:26:38.54 566.331 69.8 1.83 89.2 99.6 3.119 1.284 6.544 3.085
LL4 0.993 0.93622 0.88541 0.03252 0.05081 0.01044 0.00999 0.00045 5:34:42.719 -5:28:37.20 593.107 58.0 0.992 46.7 40.3 2.415 1.422 11.787 4.952
LL5 1.506 3.83091 3.62858 0.07106 0.20232 0.04135 0.03961 0.00173 5:35:31.39775 -5:28:16.35750 369.536 322.7 1.487 339.7 339.7 2.963 1.456 11.577 3.517
LL6 2.002 1.60634 1.54694 0.02763 0.0594 "" "" "" 5:35:32.86575 -5:30:21.45250 485.816 329.6 2.049 7.6 18.0 3.628 1.626 29.899 14.201
LL7 1.466 "" "" "" "" 0.00615 0.0058 0.00035 5:35:35.126 -5:33:49.16 686.232 335.9 1.46 359.2 3.8 6.998 5.533 17.958 10.306
w000-400 0.67 3.28544 3.16564 0.06684 0.1198 "" "" "" 5:34:59.56575 -5:24:00.14500 254.035 81.5 0.675 71.9 73.4 1.465 0.795 4.369 2.432
w005-514 0.501 4.20737 3.62744 0.05999 0.57994 "" "" "" 5:35:00.471 -5:25:14.21 262.637 64.8 0.424 91.0 56.9 1.672 1.171 2.239 2.213
w012-407 1.336 3.80317 3.6344 0.07637 0.16877 0.05073 0.04863 0.00211 5:35:01.17375 -5:24:06.67750 231.47 79.0 1.234 68.3 69.7 2.289 0.953 6.743 4.264
w014-414 0.838 3.58592 3.42498 0.06693 0.16094 0.04862 0.04625 0.00237 5:35:01.37175 -5:24:13.36750 229.954 77.2 0.696 98.3 93.2 1.211 0.373 2.185 1.615
w030-524 0.338 5.75068 5.60839 0.06457 0.14229 0.07304 0.07173 0.00131 5:35:03.00375 -5:25:24.35750 234.087 58.6 0.315 93.8 82.0 0.626 0.288 2.559 1.541
w044-527 1.35 7.01087 6.78089 0.34995 0.22998 0.08877 0.08624 0.00253 5:35:04.427 -5:25:27.39 217.945 55.0 0.851 121.2 267.4 2.13 0.78 3.25 1.527
w069-601 0.448 7.80525 7.32658 0.15199 0.47867 0.09599 0.09137 0.00462 5:35:06.90775 -5:26:00.57750 212.194 41.9 0.423 86.1 87.1 0.853 0.405 2.723 1.773
w073-227 0.815 12.78356 11.58116 0.47323 1.20239 0.14904 0.13845 0.01059 5:35:07.26975 -5:22:26.49750 147.268 112.4 0.696 117.0 120.5 1.626 0.811 6.462 3.979
w266-558 0.753 10.64965 9.99132 0.15489 0.65833 0.12396 0.11689 0.00707 5:35:26.618 -5:25:58.29 218.155 315.6 0.775 330.7 298.5 1.88 1.127 7.761 1.506
