luis-programas/arcs-summary-ambiguous-classify.ecsv
# %ECSV 1.0
# ---
# datatype:
# - {name: Object, datatype: string}
# - {name: h_old, datatype: float64}
# - {name: Value_Bally, datatype: float64}
# - {name: Value_bg_Bally, datatype: float64}
# - {name: Delta, datatype: float64}
# - {name: Dif_Bally, datatype: float64}
# - {name: Value_Robberto, datatype: float64}
# - {name: Value_bg_Robberto_f656, datatype: float64}
# - {name: Dif_Robberto_f656, datatype: float64}
# - {name: RA, datatype: string}
# - {name: Dec, datatype: string}
# - {name: D, datatype: float64}
# - {name: PA_star, datatype: float64}
# - {name: h, datatype: float64}
# - {name: PA_out, datatype: float64}
# - {name: PA_in, datatype: float64}
# - {name: R_out, datatype: float64}
# - {name: R_in, datatype: float64}
# - {name: Rc_out, datatype: float64}
# - {name: Rc_in, datatype: float64}
# - {name: Group, datatype: string}
# schema: astropy-2.0
Object h_old Value_Bally Value_bg_Bally Delta Dif_Bally Value_Robberto Value_bg_Robberto_f656 Dif_Robberto_f656 RA Dec D PA_star h PA_out PA_in R_out R_in Rc_out Rc_in Group
041-637 0.749 2.96955 2.92683 0.10903 0.04272 "" "" "" 5:35:04.060 -5:26:37.06 267.84 43.4 0.766 4.2 15.5 1.937 1.189 4.395 3.232 W
065-502 0.93 9.60864 9.2402 0.692 0.36845 0.12369 0.11919 0.0045 5:35:06.53975 -5:25:01.50750 177.288 56.1 1.214 90.5 104.7 1.422 0.491 7.737 2.31 W
066-3251 0.0 0.9432 0.91176 0.03996 0.03144 "" "" "" 5:35:06.56919 -5:32:51.43000 587.491 14.5 0.0 300.1 "" 1.068 "" 1.588 "" S
066-652 "" "" "" "" "" "" "" "" 5:35:06.588 -5:26:52.38 255.852 34.9 0.102 316.8 341.9 0.028 -0.075 0.575 0.6 W
083-435 0.703 12.40549 12.32781 0.17918 0.07768 0.17284 0.17164 0.00121 5:35:08.29275 -5:24:34.85750 140.892 59.1 0.579 84.0 40.5 1.247 0.544 2.005 0.664 W
098-753 4.91 1.92979 2.02012 0.10266 -0.09033 "" "" "" 5:35:09.8404 -5:27:53.099 287.703 19.9 2.217 320.9 93.9 8.963 4.052 17.165 8.418 S
117-421 1.292 23.04736 20.6131 5.85639 2.43426 "" "" "" 5:35:11.650 -5:24:21.41 92.067 50.2 1.374 99.1 96.7 2.001 0.71 6.946 2.774 W
121-434 0.412 19.46307 18.82996 0.6803 0.6331 0.0 0.0 0.0 5:35:12.12175 -5:24:33.75750 95.578 41.8 0.39 65.4 66.2 0.757 0.344 1.413 0.688 W
124-131 1.549 0.0 0.0 0.0 0.0 "" "" "" 5:35:12.383 -5:21:31.41 126.201 151.7 1.733 134.9 156.0 4.477 2.744 5.95 10.415 NW
131-046 2.548 15.00281 15.3283 2.92449 -0.32549 "" "" "" 5:35:13.05537 -5:20:45.78625 164.46 162.4 2.168 140.3 144.2 3.546 0.999 7.325 5.645 NW
132-053 0.401 18.36519 18.21818 0.3856 0.14701 0.22867 0.2285 0.00017 5:35:13.202 -5:20:52.59 157.312 162.4 0.392 153.9 167.0 0.718 0.317 1.803 0.676 NW
138-3024 1.148 0.88077 0.86639 0.0302 0.01438 0.00656 0.00646 0.0001 5:35:13.79919 -5:30:24.40000 423.642 5.2 1.107 22.2 17.4 3.893 2.744 8.539 4.787 S
142-301 0.6 73.17567 64.88542 3.75324 8.29025 0.93401 0.84074 0.09327 5:35:14.158 -5:23:01.00 39.672 122.9 0.6 91.5 98.6 2.422 1.822 6.062 4.547 N
154-225 0.651 43.59189 40.77802 3.25019 2.81387 0.52037 0.48765 0.03272 5:35:15.367 -5:22:25.31 59.219 165.1 0.584 158.0 193.1 1.287 0.636 3.421 1.051 N
159-221 0.0 44.96685 45.29734 2.64143 -0.33049 0.49168 0.49655 -0.00488 5:35:15.934 -5:22:21.04 61.862 173.7 0.0 "" 215.4 "" 0.834 "" 1.582 N
163-222 0.43 44.14778 46.0239 1.41854 -1.87612 0.49505 0.5153 -0.02025 5:35:16.303 -5:22:21.47 61.071 178.8 0.356 198.9 180.1 1.538 1.108 1.805 1.549 N
165-235 0.551 53.12876 50.26978 4.69804 2.85897 0.64141 0.631 0.01041 5:35:16.475 -5:22:35.22 47.325 181.5 0.472 197.5 193.2 1.776 1.225 3.842 3.437 N
173-236 0.579 71.0402 58.41909 33.9966 12.62112 0.46573 0.46083 0.0049 5:35:17.352 -5:22:35.73 48.956 197.1 0.753 255.3 275.5 2.28 1.527 1.364 1.935 N
175-321 0.647 64.97197 61.57776 6.88164 3.39421 0.90874 0.84792 0.06081 5:35:17.458 -5:23:21.06 16.026 264.7 0.598 298.7 324.5 2.031 1.384 2.478 2.626 SE
178-258 0.556 47.28008 45.6936 3.97348 1.58649 0.62452 0.61229 0.01222 5:35:17.819 -5:22:58.06 32.473 221.1 0.524 218.7 210.3 1.479 0.923 3.944 3.43 N
212-400 0.231 23.35838 23.35675 0.90075 0.00163 0.33293 0.33175 0.00117 5:35:21.181 -5:24:00.46 80.988 297.9 0.213 331.2 335.5 1.075 0.844 0.831 0.518 SE
305-811 0.83 3.87871 3.82292 0.07767 0.05579 0.04166 0.0413 0.00036 5:35:30.43675 -5:28:11.23750 356.86 324.0 0.8 358.6 349.7 1.721 0.891 4.924 3.993 S
