DATE-OBS = '21/03/95'
DATE = '21/03/95'
EQUINOX = 0
CTYPE1 = 'RA---TAN'
CRPIX1 = 417
CRVAL1 = 83.8179888140071
CDELT1 = 1.26246115422e-05
PC1_1 = 0.713599780942
PC1_2 = 0.700553604396
CTYPE2 = 'DEC--TAN'
CRPIX2 = 426.5
CRVAL2 = -5.38793965805026
CDELT2 = 1.26246115422e-05
PC2_1 = 0.700553604396
PC2_2 = -0.713599780942

